123
1
8 0 0 80 100 1
10 10
10 10
1 1 0      0 1 0      0 1 0      0 1 3 21      0 1 2      0 1 1 24      0 1 0      0 1 0      0 1 1 17      0 1 3 88      
0 1 3 22      0 1 0      0 1 0      0 1 3 11      0 1 3 49      0 1 0      0 1 2      0 1 3 33      0 1 0      0 1 0      
0 1 0      0 1 0      0 1 3 100      0 1 2      0 1 0      0 1 0      0 1 0      0 1 0      0 1 3 60      0 1 0      
0 1 0      0 1 0      0 1 0      0 1 1 -52      0 1 0      0 1 2      0 1 0      0 1 0      0 1 3 62      0 1 3 53      
0 1 0      0 1 1 86      0 1 0      0 1 3 98      0 1 2      0 1 0      0 1 0      0 1 2      0 1 0      0 1 1 -66      
0 1 0      0 1 0      0 1 0      0 1 0      0 1 0      0 1 1 -67      0 1 0      0 1 0      0 1 2      0 1 0      
0 1 0      0 1 1 -50      0 1 3 73      0 1 0      0 1 0      0 1 0      0 1 0      0 1 0      0 1 0      0 1 3 28      
0 1 0      0 1 3 61      0 1 0      0 1 0      0 1 2      0 1 1 53      0 1 0      0 1 1 57      0 1 1 -19      0 1 1 85      
0 1 0      0 1 0      0 1 0      0 1 0      0 1 0      0 1 0      0 1 0      0 1 1 -23      0 1 1 53      0 1 1 34      
0 1 0      0 1 0      0 1 0      0 1 0      0 1 2      0 1 2      0 1 3 63      0 1 1 25      0 1 1 -61      2 1 0      
1
2 3 8 7
